model,ESS,burnin_runtime,sample_runtime,sweep_param,sweep_value,total_iter,burnin_iter,percent_zero,lambda_MSE,percent_outside_95CI,random_seed
Stan (uncollapsed),1179.032504,366.77,300.9,N,10,4000,2000,0.033333333,0.137863447,0.096551724,1
Stan (uncollapsed),1512.755981,578.02,477.52,N,10,4000,2000,0.22,0.194083809,0.096551724,2
Stan (uncollapsed),971.2523617,566.48,391.3,N,10,4000,2000,0.043333333,0.295784714,0.310344828,3
Stan (uncollapsed),1204.408238,372.16,267.15,N,20,4000,2000,0.07,0.041411766,0.027586207,1
Stan (uncollapsed),1069.486425,605.1,311.43,N,20,4000,2000,0.16,0.05019359,0.075862069,2
Stan (uncollapsed),1098.243841,545.29,443.68,N,20,4000,2000,0.056666667,0.049340274,0.020689655,3
Stan (uncollapsed),640.7106076,406.96,189.75,N,30,4000,2000,0.064444444,0.026870923,0.055172414,1
Stan (uncollapsed),842.4870837,423.24,278.23,N,30,4000,2000,0.14,0.027941614,0.055172414,2
Stan (uncollapsed),912.3534998,614.21,352.81,N,30,4000,2000,0.057777778,0.029155236,0.027586207,3
Stan (uncollapsed),335.7411616,352.74,256.79,N,50,4000,2000,0.088666667,0.017246278,0.068965517,1
Stan (uncollapsed),645.6499702,681.09,369.29,N,50,4000,2000,0.144,0.014886855,0.062068966,2
Stan (uncollapsed),495.9381914,660.76,490.4,N,50,4000,2000,0.120666667,0.017762241,0.055172414,3
Stan (uncollapsed),219.8513871,555.9,209.63,N,100,4000,2000,0.114,0.00738891,0.089655172,1
Stan (uncollapsed),313.0676701,417.31,181.84,N,100,4000,2000,0.112333333,0.005772883,0.048275862,2
Stan (uncollapsed),204.13379,840.34,534.28,N,100,4000,2000,0.143333333,0.008644762,0.103448276,3
Stan (uncollapsed),213.6164136,1136.69,485.02,N,250,4000,2000,0.107333333,0.002120323,0.089655172,1
Stan (uncollapsed),257.1784045,923.33,590.1,N,250,4000,2000,0.0652,0.001725979,0.055172414,2
Stan (uncollapsed),205.9871118,2386.16,853.75,N,250,4000,2000,0.122266667,0.002634388,0.04137931,3
Stan (uncollapsed),153.8359283,2763.68,1017.54,N,500,4000,2000,0.157,0.001173283,0.048275862,1
Stan (uncollapsed),181.2996632,2730.44,2031.19,N,500,4000,2000,0.159866667,0.00205427,0.124137931,2
Stan (uncollapsed),96.4686665,3753.48,1533.25,N,500,4000,2000,0.124066667,0.001150742,0.04137931,3
Stan (uncollapsed),100.2076943,5045.5,3666.89,N,750,4000,2000,0.149511111,0.000881364,0.055172414,1
Stan (uncollapsed),140.9914954,4728.83,1960.22,N,750,4000,2000,0.097333333,0.00056135,0.006896552,2
Stan (uncollapsed),314.7643118,4999.72,2619.22,N,750,4000,2000,0.074755556,0.000545896,0.04137931,3
Stan (uncollapsed),99.56113931,7920.37,4447.33,N,1000,4000,2000,0.117166667,0.000484634,0.020689655,1
Stan (uncollapsed),161.1015216,8399.26,3346.86,N,1000,4000,2000,0.1126,0.00057767,0.04137931,2
Stan (uncollapsed),161.9956442,7205.4,2978.23,N,1000,4000,2000,0.1003,0.000587866,0.068965517,3
Stan (collapsed),1423.587157,5,5.64,N,10,4000,2000,0.033333333,0.143063335,0.137931034,1
Stan (collapsed),1566.220362,10.57,9.56,N,10,4000,2000,0.22,0.204663766,0.193103448,2
Stan (collapsed),1778.337238,5.65,5.24,N,10,4000,2000,0.043333333,0.299939135,0.310344828,3
Stan (collapsed),1173.750242,15.36,11.89,N,20,4000,2000,0.07,0.040340329,0.027586207,1
Stan (collapsed),887.2238765,20.6,19.53,N,20,4000,2000,0.16,0.051441923,0.124137931,2
Stan (collapsed),1255.563682,14.8,13.69,N,20,4000,2000,0.056666667,0.050218258,0.048275862,3
Stan (collapsed),1018.16549,21.99,14.97,N,30,4000,2000,0.064444444,0.026995114,0.062068966,1
Stan (collapsed),850.8176099,60.55,51.78,N,30,4000,2000,0.14,0.027823605,0.068965517,2
Stan (collapsed),882.5971999,29.44,19.15,N,30,4000,2000,0.057777778,0.029808681,0.048275862,3
Stan (collapsed),298.2645714,63.06,48.24,N,50,4000,2000,0.088666667,0.017083193,0.089655172,1
Stan (collapsed),601.7286378,78.41,83.02,N,50,4000,2000,0.144,0.01555592,0.103448276,2
Stan (collapsed),568.6660968,89.16,74.43,N,50,4000,2000,0.120666667,0.016977744,0.068965517,3
Stan (collapsed),497.2425368,247.83,264.51,N,100,4000,2000,0.114,0.007729788,0.117241379,1
Stan (collapsed),554.4575539,258.03,264.01,N,100,4000,2000,0.112333333,0.005660853,0.068965517,2
Stan (collapsed),291.289343,292.35,257.38,N,100,4000,2000,0.143333333,0.008545301,0.124137931,3
Stan (collapsed),362.6518285,2532.41,2162.07,N,250,4000,2000,0.107333333,0.002071028,0.075862069,1
Stan (collapsed),400.5692768,2281.8,2366.74,N,250,4000,2000,0.0652,0.00170522,0.062068966,2
Stan (collapsed),438.5402044,2817.53,2182.81,N,250,4000,2000,0.122266667,0.002532366,0.062068966,3
Stan (collapsed),209.2553374,20122.1,13891.4,N,500,4000,2000,0.157,0.001164904,0.048275862,1
Stan (collapsed),123.6531309,22561.3,18427,N,500,4000,2000,0.159866667,0.002008228,0.131034483,2
Stan (collapsed),179.1339929,22833.7,16725,N,500,4000,2000,0.124066667,0.001130995,0.04137931,3
Stan (collapsed),108.6290351,72522.3,47875.1,N,750,4000,2000,0.149511111,0.000860349,0.075862069,1
Stan (collapsed),212.655235,62253,45531.8,N,750,4000,2000,0.097333333,0.000525766,0.006896552,2
Stan (collapsed),395.8447476,63721.4,50569,N,750,4000,2000,0.074755556,0.000550903,0.055172414,3
Mongrel (eigendecomposition),4000,0,1.809381723,N,10,4000,0,0.033333333,0.147214626,0.179310345,1
Mongrel (eigendecomposition),4000,0,1.699347973,N,10,4000,0,0.22,0.214833485,0.275862069,2
Mongrel (eigendecomposition),4000,0,1.696039438,N,10,4000,0,0.043333333,0.304761538,0.331034483,3
Mongrel (eigendecomposition),4000,0,2.363894463,N,20,4000,0,0.07,0.040094153,0.027586207,1
Mongrel (eigendecomposition),4000,0,2.278994322,N,20,4000,0,0.16,0.051698203,0.131034483,2
Mongrel (eigendecomposition),4000,0,2.410743713,N,20,4000,0,0.056666667,0.051867803,0.075862069,3
Mongrel (eigendecomposition),4000,0,3.552932262,N,30,4000,0,0.064444444,0.027663299,0.068965517,1
Mongrel (eigendecomposition),4000,0,3.783262968,N,30,4000,0,0.14,0.028541427,0.124137931,2
Mongrel (eigendecomposition),4000,0,3.589172363,N,30,4000,0,0.057777778,0.030656195,0.062068966,3
Mongrel (eigendecomposition),4000,0,8.153264046,N,50,4000,0,0.088666667,0.017728292,0.131034483,1
Mongrel (eigendecomposition),4000,0,8.617137194,N,50,4000,0,0.144,0.017607331,0.15862069,2
Mongrel (eigendecomposition),4000,0,8.06458354,N,50,4000,0,0.120666667,0.017823228,0.103448276,3
Mongrel (eigendecomposition),4000,0,88.12293148,N,100,4000,0,0.114,0.008859065,0.172413793,1
Mongrel (eigendecomposition),4000,0,90.72828937,N,100,4000,0,0.112333333,0.005927919,0.089655172,2
Mongrel (eigendecomposition),4000,0,90.78907681,N,100,4000,0,0.143333333,0.009925036,0.220689655,3
Mongrel (eigendecomposition),4000,0,1324.769345,N,250,4000,0,0.107333333,0.002243208,0.124137931,1
Mongrel (eigendecomposition),4000,0,1251.548452,N,250,4000,0,0.0652,0.001920431,0.110344828,2
Mongrel (eigendecomposition),4000,0,1224.151553,N,250,4000,0,0.122266667,0.002676557,0.075862069,3
Mongrel (eigendecomposition),4000,0,8686.065322,N,500,4000,0,0.157,0.001372049,0.089655172,1
Mongrel (eigendecomposition),4000,0,8128.668258,N,500,4000,0,0.159866667,0.002933324,0.386206897,2
Mongrel (eigendecomposition),4000,0,8771.584625,N,500,4000,0,0.124066667,0.001417467,0.165517241,3
Mongrel (eigendecomposition),4000,0,25939.70108,N,750,4000,0,0.149511111,0.001658823,0.351724138,1
Mongrel (eigendecomposition),4000,0,26393.8445,N,750,4000,0,0.097333333,0.000919646,0.193103448,2
Mongrel (eigendecomposition),4000,0,23961.21836,N,750,4000,0,0.074755556,0.000747148,0.186206897,3
Mongrel (eigendecomposition),4000,0,55765.44304,N,1000,4000,0,0.117166667,0.000921656,0.317241379,1
Mongrel (eigendecomposition),4000,0,54346.53216,N,1000,4000,0,0.1126,0.000923835,0.275862069,2
Mongrel (eigendecomposition),4000,0,56788.45255,N,1000,4000,0,0.1003,0.000832212,0.248275862,3
Mongrel (Cholesky),4000,0,1.814409018,N,10,4000,0,0.033333333,0.147021957,0.165517241,1
Mongrel (Cholesky),4000,0,1.890153646,N,10,4000,0,0.22,0.214322448,0.282758621,2
Mongrel (Cholesky),4000,0,1.536221266,N,10,4000,0,0.043333333,0.305258602,0.337931034,3
Mongrel (Cholesky),4000,0,2.134540319,N,20,4000,0,0.07,0.040044315,0.027586207,1
Mongrel (Cholesky),4000,0,2.137896538,N,20,4000,0,0.16,0.051863471,0.131034483,2
Mongrel (Cholesky),4000,0,2.031745911,N,20,4000,0,0.056666667,0.05186897,0.082758621,3
Mongrel (Cholesky),4000,0,2.75107789,N,30,4000,0,0.064444444,0.027601805,0.068965517,1
Mongrel (Cholesky),4000,0,2.761658907,N,30,4000,0,0.14,0.028567414,0.117241379,2
Mongrel (Cholesky),4000,0,2.503717184,N,30,4000,0,0.057777778,0.030614658,0.062068966,3
Mongrel (Cholesky),4000,0,3.935251236,N,50,4000,0,0.088666667,0.017731547,0.117241379,1
Mongrel (Cholesky),4000,0,4.067654848,N,50,4000,0,0.144,0.017463521,0.15862069,2
Mongrel (Cholesky),4000,0,3.799401045,N,50,4000,0,0.120666667,0.017733279,0.096551724,3
Mongrel (Cholesky),4000,0,8.251724958,N,100,4000,0,0.114,0.00890312,0.15862069,1
Mongrel (Cholesky),4000,0,8.181615114,N,100,4000,0,0.112333333,0.005915563,0.110344828,2
Mongrel (Cholesky),4000,0,8.536557198,N,100,4000,0,0.143333333,0.009951153,0.206896552,3
Mongrel (Cholesky),4000,0,300.7777126,N,250,4000,0,0.107333333,0.002237311,0.110344828,1
Mongrel (Cholesky),4000,0,346.1776285,N,250,4000,0,0.0652,0.00192591,0.103448276,2
Mongrel (Cholesky),4000,0,353.8185229,N,250,4000,0,0.122266667,0.002682281,0.089655172,3
Mongrel (Cholesky),4000,0,1608.651994,N,500,4000,0,0.157,0.001371991,0.089655172,1
Mongrel (Cholesky),4000,0,659.8102069,N,500,4000,0,0.159866667,0.002926799,0.393103448,2
Mongrel (Cholesky),4000,0,1653.733831,N,500,4000,0,0.124066667,0.001404489,0.15862069,3
Mongrel (Cholesky),4000,0,1756.82456,N,750,4000,0,0.149511111,0.001647193,0.344827586,1
Mongrel (Cholesky),4000,0,2182.749567,N,750,4000,0,0.097333333,0.000916281,0.186206897,2
Mongrel (Cholesky),4000,0,1509.500608,N,750,4000,0,0.074755556,0.00075139,0.213793103,3
Mongrel (Cholesky),4000,0,2981.577473,N,1000,4000,0,0.117166667,0.000919441,0.310344828,1
Mongrel (Cholesky),4000,0,2478.037808,N,1000,4000,0,0.1126,0.000918681,0.262068966,2
Mongrel (Cholesky),4000,0,2018.853566,N,1000,4000,0,0.1003,0.000834685,0.248275862,3
Stan (uncollapsed),2000,6.03,4.41,D,3,4000,2000,0,0.003971616,0.1,1
Stan (uncollapsed),2000,4.95,1.83,D,3,4000,2000,0.01,0.005015569,0,2
Stan (uncollapsed),2000,11.91,9.14,D,3,4000,2000,0,0.005820473,0,3
Stan (uncollapsed),2000,8.6,5.43,D,5,4000,2000,0.008,0.002349896,0,1
Stan (uncollapsed),1959.515044,8.04,5.24,D,5,4000,2000,0.022,0.005740668,0.05,2
Stan (uncollapsed),2000,14.03,12.5,D,5,4000,2000,0.02,0.002281609,0,3
Stan (uncollapsed),1294.724265,38.13,49.11,D,10,4000,2000,0.023,0.004195129,0,1
Stan (uncollapsed),1947.631992,30.71,26.71,D,10,4000,2000,0.031,0.003476214,0,2
Stan (uncollapsed),2000,40.7,39.46,D,10,4000,2000,0.026,0.003950767,0,3
Stan (uncollapsed),418.7438085,356.36,162.75,D,25,4000,2000,0.1296,0.008792327,0.075,1
Stan (uncollapsed),607.7844912,303.57,156.44,D,25,4000,2000,0.094,0.005841797,0.041666667,2
Stan (uncollapsed),631.0544126,298.15,235.99,D,25,4000,2000,0.1116,0.006197067,0.05,3
Stan (uncollapsed),115.5294434,2801.58,1685.03,D,50,4000,2000,0.1444,0.008340625,0.065306122,1
Stan (uncollapsed),136.1470726,2400.23,1559.96,D,50,4000,2000,0.1314,0.006682987,0.048979592,2
Stan (uncollapsed),60.02066904,3352.8,2221.55,D,50,4000,2000,0.133,0.007497601,0.036734694,3
Stan (uncollapsed),109.8043697,16765.2,21260.7,D,75,4000,2000,0.2012,0.009938746,0.024324324,1
Stan (uncollapsed),83.5081263,15700,18293.2,D,75,4000,2000,0.189333333,0.00916308,0.051351351,2
Stan (uncollapsed),74.93058219,14081.2,9039.75,D,75,4000,2000,0.1644,0.011224052,0.110810811,3
Stan (uncollapsed),17.91727433,48297.5,49217.6,D,100,4000,2000,0.2258,0.013601614,0.028282828,1
Stan (uncollapsed),21.69034914,41769,45539.9,D,100,4000,2000,0.2108,0.012041078,0.02020202,2
Stan (uncollapsed),23.94581243,40277.8,40467.2,D,100,4000,2000,0.19,0.013435229,0.109090909,3
Stan (collapsed),1942.050562,51.77,37.8,D,3,4000,2000,0,0.003959654,0.1,1
Stan (collapsed),1980.413684,64.91,23.36,D,3,4000,2000,0.01,0.00501173,0,2
Stan (collapsed),1976.531706,111.24,83.93,D,3,4000,2000,0,0.005735266,0,3
Stan (collapsed),1940.211251,70.59,45,D,5,4000,2000,0.008,0.002329531,0,1
Stan (collapsed),1980.237873,60.51,46.33,D,5,4000,2000,0.022,0.005747078,0.05,2
Stan (collapsed),1991.504981,140.28,108.24,D,5,4000,2000,0.02,0.002288089,0,3
Stan (collapsed),1549.265846,154.41,190.48,D,10,4000,2000,0.023,0.004152298,0,1
Stan (collapsed),1947.564712,122.37,119.36,D,10,4000,2000,0.031,0.003493806,0,2
Stan (collapsed),1913.527941,151.74,161.28,D,10,4000,2000,0.026,0.003851015,0.022222222,3
Stan (collapsed),469.8111673,266.82,228.07,D,25,4000,2000,0.1296,0.008580555,0.083333333,1
Stan (collapsed),486.214731,196.2,111.41,D,25,4000,2000,0.094,0.005789502,0.075,2
Stan (collapsed),268.5916867,257.57,204.39,D,25,4000,2000,0.1116,0.005873417,0.033333333,3
Stan (collapsed),184.1667556,506.65,635.58,D,50,4000,2000,0.1444,0.008658905,0.085714286,1
Stan (collapsed),123.8821026,540.75,419.06,D,50,4000,2000,0.1314,0.006692608,0.073469388,2
Stan (collapsed),155.6876513,546.17,598.38,D,50,4000,2000,0.133,0.007684736,0.06122449,3
Stan (collapsed),132.3546972,1300.32,1521.7,D,75,4000,2000,0.2012,0.009826869,0.059459459,1
Stan (collapsed),68.23941814,1345.27,1284.79,D,75,4000,2000,0.189333333,0.01025685,0.137837838,2
Stan (collapsed),61.15856127,1370.2,1146.79,D,75,4000,2000,0.1644,0.014238965,0.235135135,3
Stan (collapsed),103.3240188,2423.5,1906.3,D,100,4000,2000,0.2258,0.014849825,0.125252525,1
Stan (collapsed),96.91798886,2407.02,2051.74,D,100,4000,2000,0.2108,0.009230265,0.068686869,2
Stan (collapsed),84.4453983,2603.53,2230.77,D,100,4000,2000,0.19,0.013878575,0.216161616,3
Stan (collapsed),46.1876917,11056.5,10607.9,D,250,4000,2000,0.32712,0.018537216,0.094779116,1
Stan (collapsed),44.66120457,12664.7,14421.1,D,250,4000,2000,0.33716,0.018660697,0.120481928,2
Stan (collapsed),43.52868402,10838.1,10694.2,D,250,4000,2000,0.30132,0.01602664,0.127710843,3
Stan (collapsed),10.68633351,32599,33410.9,D,500,4000,2000,0.42768,0.057214637,0.267334669,1
Stan (collapsed),12.96257983,36494.7,37896.4,D,500,4000,2000,0.43942,0.040030383,0.214829659,2
Stan (collapsed),8.073238395,32336.2,33641,D,500,4000,2000,0.4043,0.047057735,0.241683367,3
Mongrel (eigendecomposition),4000,0,0.735402107,D,3,4000,0,0,0.003812049,0.1,1
Mongrel (eigendecomposition),4000,0,0.737733603,D,3,4000,0,0.01,0.005497107,0,2
Mongrel (eigendecomposition),4000,0,0.635171413,D,3,4000,0,0,0.005993165,0,3
Mongrel (eigendecomposition),4000,0,1.959061623,D,5,4000,0,0.008,0.002486036,0,1
Mongrel (eigendecomposition),4000,0,1.740490675,D,5,4000,0,0.022,0.00537905,0.05,2
Mongrel (eigendecomposition),4000,0,2.129385471,D,5,4000,0,0.02,0.002224005,0,3
Mongrel (eigendecomposition),4000,0,5.023400784,D,10,4000,0,0.023,0.004470769,0.022222222,1
Mongrel (eigendecomposition),4000,0,2.925781965,D,10,4000,0,0.031,0.003878831,0.044444444,2
Mongrel (eigendecomposition),4000,0,6.202269077,D,10,4000,0,0.026,0.003840841,0.022222222,3
Mongrel (eigendecomposition),4000,0,35.43484402,D,25,4000,0,0.1296,0.009968755,0.15,1
Mongrel (eigendecomposition),4000,0,76.01196289,D,25,4000,0,0.094,0.006895746,0.125,2
Mongrel (eigendecomposition),4000,0,29.81819534,D,25,4000,0,0.1116,0.006218115,0.091666667,3
Mongrel (eigendecomposition),4000,0,477.865103,D,50,4000,0,0.1444,0.009700357,0.142857143,1
Mongrel (eigendecomposition),4000,0,347.8826227,D,50,4000,0,0.1314,0.008076438,0.175510204,2
Mongrel (eigendecomposition),4000,0,282.498245,D,50,4000,0,0.133,0.010121622,0.163265306,3
Mongrel (eigendecomposition),4000,0,967.6187656,D,75,4000,0,0.2012,0.010453777,0.091891892,1
Mongrel (eigendecomposition),4000,0,1215.821905,D,75,4000,0,0.189333333,0.0128319,0.197297297,2
Mongrel (eigendecomposition),4000,0,952.1422634,D,75,4000,0,0.1644,0.01929566,0.42972973,3
Mongrel (eigendecomposition),4000,0,2464.224084,D,100,4000,0,0.2258,0.017417514,0.21010101,1
Mongrel (eigendecomposition),4000,0,2338.273914,D,100,4000,0,0.2108,0.010258206,0.111111111,2
Mongrel (eigendecomposition),4000,0,2225.852206,D,100,4000,0,0.19,0.016410471,0.317171717,3
Mongrel (eigendecomposition),4000,0,39197.15257,D,250,4000,0,0.32712,0.022345899,0.161445783,1
Mongrel (eigendecomposition),4000,0,38296.34345,D,250,4000,0,0.33716,0.020640978,0.152610442,2
Mongrel (eigendecomposition),4000,0,40518.71966,D,250,4000,0,0.30132,0.019035091,0.17751004,3
Mongrel (Cholesky),4000,0,0.428709745,D,3,4000,0,0,0.003812241,0.1,1
Mongrel (Cholesky),4000,0,0.421086788,D,3,4000,0,0.01,0.005484753,0.1,2
Mongrel (Cholesky),4000,0,0.559497356,D,3,4000,0,0,0.005987816,0,3
Mongrel (Cholesky),4000,0,0.970894098,D,5,4000,0,0.008,0.002479329,0,1
Mongrel (Cholesky),4000,0,1.699018478,D,5,4000,0,0.022,0.005378614,0.05,2
Mongrel (Cholesky),4000,0,0.912109852,D,5,4000,0,0.02,0.00222991,0,3
Mongrel (Cholesky),4000,0,3.328001738,D,10,4000,0,0.023,0.004463651,0.022222222,1
Mongrel (Cholesky),4000,0,1.97607851,D,10,4000,0,0.031,0.003870792,0.044444444,2
Mongrel (Cholesky),4000,0,3.527987003,D,10,4000,0,0.026,0.003838144,0.022222222,3
Mongrel (Cholesky),4000,0,6.168851376,D,25,4000,0,0.1296,0.009965633,0.15,1
Mongrel (Cholesky),4000,0,15.02026129,D,25,4000,0,0.094,0.006862333,0.125,2
Mongrel (Cholesky),4000,0,12.59044957,D,25,4000,0,0.1116,0.00620223,0.083333333,3
Mongrel (Cholesky),4000,0,25.17749143,D,50,4000,0,0.1444,0.009645712,0.142857143,1
Mongrel (Cholesky),4000,0,167.3621449,D,50,4000,0,0.1314,0.008051483,0.175510204,2
Mongrel (Cholesky),4000,0,25.14925551,D,50,4000,0,0.133,0.010036921,0.167346939,3
Mongrel (Cholesky),4000,0,356.5002172,D,75,4000,0,0.2012,0.010496188,0.091891892,1
Mongrel (Cholesky),4000,0,52.75356054,D,75,4000,0,0.189333333,0.012841635,0.205405405,2
Mongrel (Cholesky),4000,0,333.1566806,D,75,4000,0,0.1644,0.019331927,0.42972973,3
Mongrel (Cholesky),4000,0,104.3310583,D,100,4000,0,0.2258,0.017519704,0.202020202,1
Mongrel (Cholesky),4000,0,121.3288352,D,100,4000,0,0.2108,0.010220234,0.109090909,2
Mongrel (Cholesky),4000,0,107.616585,D,100,4000,0,0.19,0.016550684,0.315151515,3
Mongrel (Cholesky),4000,0,1794.188712,D,250,4000,0,0.32712,0.022317243,0.159036145,1
Mongrel (Cholesky),4000,0,2975.419567,D,250,4000,0,0.33716,0.020637268,0.147791165,2
Mongrel (Cholesky),4000,0,3600.786004,D,250,4000,0,0.30132,0.019019362,0.178313253,3
Mongrel (Cholesky),4000,0,8557.26706,D,500,4000,0,0.42768,0.075643451,0.363527054,1
Mongrel (Cholesky),4000,0,8348.25029,D,500,4000,0,0.43942,0.038711343,0.220440882,2
Mongrel (Cholesky),4000,0,8365.606448,D,500,4000,0,0.4043,0.042931226,0.272945892,3
Stan (uncollapsed),339.4757852,197.19,87.8,Q,2,4000,2000,0.005333333,0.002993464,0,1
Stan (uncollapsed),523.2610163,258.47,327.72,Q,2,4000,2000,0.018333333,0.002916527,0.034482759,2
Stan (uncollapsed),408.6414903,228.53,177.3,Q,2,4000,2000,0.007333333,0.003786861,0.068965517,3
Stan (uncollapsed),287.4734325,375.88,168.33,Q,4,4000,2000,0.061,0.007347838,0.077586207,1
Stan (uncollapsed),365.2738234,417,218.06,Q,4,4000,2000,0.06,0.005551764,0.068965517,2
Stan (uncollapsed),336.5558383,394.5,166.5,Q,4,4000,2000,0.091,0.005721808,0.043103448,3
Stan (uncollapsed),186.8593085,854.1,498.94,Q,10,4000,2000,0.309,0.014804478,0.031034483,1
Stan (uncollapsed),205.8914279,679.34,386.76,Q,10,4000,2000,0.286333333,0.012467639,0.020689655,2
Stan (uncollapsed),277.7949862,844.79,490.47,Q,10,4000,2000,0.297333333,0.016517866,0.048275862,3
Stan (uncollapsed),839.1671386,1725.3,1546.51,Q,20,4000,2000,0.544666667,0.070819715,0.096551724,1
Stan (uncollapsed),571.0444641,1191.15,1247.15,Q,20,4000,2000,0.538666667,0.072470207,0.096551724,2
Stan (uncollapsed),471.9953112,1414.88,1216.21,Q,20,4000,2000,0.503,0.055823467,0.087931034,3
Stan (uncollapsed),127.2911899,2220.95,2311.03,Q,50,4000,2000,0.761,0.669314057,0.235862069,1
Stan (uncollapsed),95.98357635,2220.04,2119.58,Q,50,4000,2000,0.736333333,0.639517781,0.231034483,2
Stan (uncollapsed),122.7566856,1630.48,1579.88,Q,50,4000,2000,0.735,0.622085632,0.244827586,3
Stan (uncollapsed),41.18314436,2515.89,2371.65,Q,75,4000,2000,0.816333333,1.179865235,0.189885057,1
Stan (uncollapsed),38.7113787,1838.43,1851.58,Q,75,4000,2000,0.820333333,1.205638513,0.194022989,2
Stan (uncollapsed),43.15479862,1630.76,1657.15,Q,75,4000,2000,0.817333333,1.178544374,0.223448276,3
Stan (uncollapsed),44.30541939,2306.53,2332.9,Q,100,4000,2000,0.835,1.166563291,0.204137931,1
Stan (uncollapsed),26.05823521,1560.43,1601.81,Q,100,4000,2000,0.854666667,1.454180348,0.166896552,2
Stan (uncollapsed),30.27138371,1976.2,1979.4,Q,100,4000,2000,0.852666667,1.372116062,0.19862069,3
Stan (uncollapsed),24.49908525,3244.3,3283.89,Q,250,4000,2000,0.915333333,1.371059768,0.248827586,1
Stan (uncollapsed),25.40907798,3807.68,3038.63,Q,250,4000,2000,0.905333333,1.364162566,0.233517241,2
Stan (uncollapsed),32.14404005,2423.33,2458.41,Q,250,4000,2000,0.896666667,1.286794717,0.250758621,3
Stan (uncollapsed),29.14700767,6327.66,6380.05,Q,500,4000,2000,0.932666667,1.232039071,0.336068966,1
Stan (uncollapsed),28.3747237,5400.91,5560.38,Q,500,4000,2000,0.937,1.214999038,0.355724138,2
Stan (uncollapsed),30.994419,5354.05,5453.97,Q,500,4000,2000,0.928666667,1.234300209,0.343517241,3
Stan (collapsed),913.0133393,137.88,162.14,Q,2,4000,2000,0.005333333,0.003050031,0.034482759,1
Stan (collapsed),384.5562109,158.89,109.95,Q,2,4000,2000,0.018333333,0.002845725,0.034482759,2
Stan (collapsed),1027.110834,135.36,127.02,Q,2,4000,2000,0.007333333,0.003733429,0.068965517,3
Stan (collapsed),241.4658032,224.57,214.69,Q,4,4000,2000,0.061,0.007399412,0.077586207,1
Stan (collapsed),267.328925,253.57,122.04,Q,4,4000,2000,0.06,0.005324312,0.094827586,2
Stan (collapsed),351.827861,212.08,224.38,Q,4,4000,2000,0.091,0.005457268,0.051724138,3
Stan (collapsed),379.6573418,509.2,633.36,Q,10,4000,2000,0.309,0.014369295,0.05862069,1
Stan (collapsed),127.3972275,384.41,269.66,Q,10,4000,2000,0.286333333,0.012704415,0.044827586,2
Stan (collapsed),209.5382103,443.65,310.87,Q,10,4000,2000,0.297333333,0.016577873,0.065517241,3
Stan (collapsed),633.6132202,1057.25,915.96,Q,20,4000,2000,0.544666667,0.073270818,0.186206897,1
Stan (collapsed),436.8783883,881.02,717.31,Q,20,4000,2000,0.538666667,0.080454485,0.206896552,2
Stan (collapsed),604.4665657,988.76,850.99,Q,20,4000,2000,0.503,0.057443529,0.146551724,3
Stan (collapsed),856.5944015,1730.76,1724.38,Q,50,4000,2000,0.761,0.653077502,0.368965517,1
Stan (collapsed),849.6281469,2069.18,2108.8,Q,50,4000,2000,0.736333333,0.603266923,0.339310345,2
Stan (collapsed),983.0384,1742.11,1698.55,Q,50,4000,2000,0.735,0.589857569,0.344137931,3
Stan (collapsed),452.7478076,1835.26,1828.27,Q,75,4000,2000,0.816333333,1.032537683,0.296091954,1
Stan (collapsed),566.5041758,1618.94,1647.46,Q,75,4000,2000,0.820333333,1.024709456,0.309425287,2
Stan (collapsed),520.0969875,3418.17,1700.19,Q,75,4000,2000,0.817333333,1.067797785,0.323218391,3
Stan (collapsed),1059.319233,1522.48,1568.36,Q,100,4000,2000,0.835,1.040045671,0.31137931,1
Stan (collapsed),609.1160885,1541.7,1567.86,Q,100,4000,2000,0.854666667,1.244560285,0.277586207,2
Stan (collapsed),940.2974815,1831.3,1910.32,Q,100,4000,2000,0.852666667,1.167200974,0.305517241,3
Stan (collapsed),944.3697527,1533.11,1562.47,Q,250,4000,2000,0.915333333,1.390687557,0.25062069,1
Stan (collapsed),1029.882372,1836.46,1867.15,Q,250,4000,2000,0.905333333,1.289042573,0.281931034,2
Stan (collapsed),1206.135192,1525.54,1573.08,Q,250,4000,2000,0.896666667,1.183915706,0.326206897,3
Stan (collapsed),1293.279754,1529.86,1570.5,Q,500,4000,2000,0.932666667,1.210088374,0.354,1
Stan (collapsed),1146.497531,1860.09,1904.64,Q,500,4000,2000,0.937,1.265045187,0.306137931,2
Stan (collapsed),1394.00013,1540.69,1579.39,Q,500,4000,2000,0.928666667,1.221380836,0.349655172,3
Mongrel (eigendecomposition),4000,0,61.77033734,Q,2,4000,0,0.005333333,0.003312007,0.068965517,1
Mongrel (eigendecomposition),4000,0,55.67095351,Q,2,4000,0,0.018333333,0.002807512,0.034482759,2
Mongrel (eigendecomposition),4000,0,58.85526896,Q,2,4000,0,0.007333333,0.003855584,0.086206897,3
Mongrel (eigendecomposition),4000,0,58.42153573,Q,4,4000,0,0.061,0.007495214,0.086206897,1
Mongrel (eigendecomposition),4000,0,112.0344608,Q,4,4000,0,0.06,0.005309566,0.137931034,2
Mongrel (eigendecomposition),4000,0,63.65861011,Q,4,4000,0,0.091,0.005746661,0.103448276,3
Mongrel (eigendecomposition),4000,0,57.50013995,Q,10,4000,0,0.309,0.016482262,0.193103448,1
Mongrel (eigendecomposition),4000,0,55.47216225,Q,10,4000,0,0.286333333,0.017231768,0.2,2
Mongrel (eigendecomposition),4000,0,107.6907897,Q,10,4000,0,0.297333333,0.021337908,0.234482759,3
Mongrel (eigendecomposition),4000,0,60.95849729,Q,20,4000,0,0.544666667,0.091679428,0.363793103,1
Mongrel (eigendecomposition),4000,0,53.18431544,Q,20,4000,0,0.538666667,0.113837941,0.446551724,2
Mongrel (eigendecomposition),4000,0,53.48774934,Q,20,4000,0,0.503,0.076580176,0.310344828,3
Mongrel (eigendecomposition),4000,0,105.5419817,Q,50,4000,0,0.761,0.677496578,0.553793103,1
Mongrel (eigendecomposition),4000,0,59.8675518,Q,50,4000,0,0.736333333,0.629367333,0.531034483,2
Mongrel (eigendecomposition),4000,0,55.8316021,Q,50,4000,0,0.735,0.674458906,0.512413793,3
Mongrel (eigendecomposition),4000,0,115.125756,Q,75,4000,0,0.816333333,0.954224052,0.501149425,1
Mongrel (eigendecomposition),4000,0,55.98000264,Q,75,4000,0,0.820333333,1.000248826,0.48,2
Mongrel (eigendecomposition),4000,0,58.20411038,Q,75,4000,0,0.817333333,1.070125656,0.52137931,3
Mongrel (eigendecomposition),4000,0,108.0179882,Q,100,4000,0,0.835,1.017511122,0.503103448,1
Mongrel (eigendecomposition),4000,0,58.51850724,Q,100,4000,0,0.854666667,1.099124106,0.451034483,2
Mongrel (eigendecomposition),4000,0,69.69017649,Q,100,4000,0,0.852666667,1.093402631,0.478275862,3
Mongrel (eigendecomposition),4000,0,76.48156977,Q,250,4000,0,0.915333333,1.156258043,0.473931034,1
Mongrel (eigendecomposition),4000,0,90.86586523,Q,250,4000,0,0.905333333,1.08358772,0.514758621,2
Mongrel (eigendecomposition),4000,0,73.50369716,Q,250,4000,0,0.896666667,1.047135311,0.54262069,3
Mongrel (eigendecomposition),4000,0,1337.40236,Q,500,4000,0,0.932666667,1.051586623,0.60337931,1
Mongrel (eigendecomposition),4000,0,1325.249432,Q,500,4000,0,0.937,1.049646053,0.622413793,2
Mongrel (eigendecomposition),4000,0,429.0147312,Q,500,4000,0,0.928666667,1.064577647,0.605448276,3
Mongrel (Cholesky),4000,0,7.791550159,Q,2,4000,0,0.005333333,0.003317502,0.068965517,1
Mongrel (Cholesky),4000,0,7.272746801,Q,2,4000,0,0.018333333,0.002812069,0.034482759,2
Mongrel (Cholesky),4000,0,8.155139208,Q,2,4000,0,0.007333333,0.003853746,0.086206897,3
Mongrel (Cholesky),4000,0,8.137808084,Q,4,4000,0,0.061,0.007488486,0.086206897,1
Mongrel (Cholesky),4000,0,8.357017756,Q,4,4000,0,0.06,0.005300117,0.129310345,2
Mongrel (Cholesky),4000,0,8.726999521,Q,4,4000,0,0.091,0.005774601,0.094827586,3
Mongrel (Cholesky),4000,0,10.05063963,Q,10,4000,0,0.309,0.016502807,0.193103448,1
Mongrel (Cholesky),4000,0,9.731364012,Q,10,4000,0,0.286333333,0.017209079,0.203448276,2
Mongrel (Cholesky),4000,0,18.79347515,Q,10,4000,0,0.297333333,0.021373787,0.224137931,3
Mongrel (Cholesky),4000,0,10.79137301,Q,20,4000,0,0.544666667,0.091751722,0.368965517,1
Mongrel (Cholesky),4000,0,9.825910807,Q,20,4000,0,0.538666667,0.113743742,0.444827586,2
Mongrel (Cholesky),4000,0,9.149765015,Q,20,4000,0,0.503,0.076616392,0.318965517,3
Mongrel (Cholesky),4000,0,13.2634213,Q,50,4000,0,0.761,0.677507295,0.553103448,1
Mongrel (Cholesky),4000,0,12.18314695,Q,50,4000,0,0.736333333,0.62942961,0.531724138,2
Mongrel (Cholesky),4000,0,16.51633143,Q,50,4000,0,0.735,0.673793065,0.514482759,3
Mongrel (Cholesky),4000,0,15.6905396,Q,75,4000,0,0.816333333,0.954731908,0.503908046,1
Mongrel (Cholesky),4000,0,13.81797266,Q,75,4000,0,0.820333333,1.000370564,0.47816092,2
Mongrel (Cholesky),4000,0,17.09769177,Q,75,4000,0,0.817333333,1.069636868,0.52045977,3
Mongrel (Cholesky),4000,0,16.67606664,Q,100,4000,0,0.835,1.017248908,0.502413793,1
Mongrel (Cholesky),4000,0,13.30822301,Q,100,4000,0,0.854666667,1.098671354,0.452068966,2
Mongrel (Cholesky),4000,0,38.01598358,Q,100,4000,0,0.852666667,1.093319858,0.476896552,3
Mongrel (Cholesky),4000,0,32.91870618,Q,250,4000,0,0.915333333,1.156327712,0.472413793,1
Mongrel (Cholesky),4000,0,31.50780702,Q,250,4000,0,0.905333333,1.083637117,0.515172414,2
Mongrel (Cholesky),4000,0,28.69653296,Q,250,4000,0,0.896666667,1.047244286,0.541655172,3
Mongrel (Cholesky),4000,0,1108.050607,Q,500,4000,0,0.932666667,1.05140438,0.603517241,1
Mongrel (Cholesky),4000,0,394.3708043,Q,500,4000,0,0.937,1.049788495,0.621931034,2
Mongrel (Cholesky),4000,0,1248.421686,Q,500,4000,0,0.928666667,1.064478103,0.607103448,3
